-1 0 0
-0.9829630907249321 0 0.18454773640914026
-0.9238795325112867 0 0.3826834323650898
-0.8314696123025452 0 0.5555702330196022
-0.7071067811865476 0 0.7071067811865475
-0.5555702330196022 0 0.8314696123025452
-0.38268343236508984 0 0.9238795325112867
-0.18454773640914042 0 0.9829630907249321
0 0 1
0.18454773640914026 0 0.9829630907249321
0.3826834323650898 0 0.9238795325112867
0.5555702330196022 0 0.8314696123025452
0.7071067811865475 0 0.7071067811865476
0.8314696123025452 0 0.5555702330196022
0.9238795325112867 0 0.38268343236508984
0.9829630907249321 0 0.18454773640914042
1 0 0.00000000000000012246467991473532
0.9829630907249321 0 -0.18454773640914026
0.9238795325112867 0 -0.3826834323650898
0.8314696123025452 0 -0.5555702330196022
0.7071067811865476 0 -0.7071067811865475
0.5555702330196022 0 -0.8314696123025452
0.38268343236508984 0 -0.9238795325112867
0.18454773640914042 0 -0.9829630907249321
0 0 -1
-0.18454773640914026 0 -0.9829630907249321
-0.3826834323650898 0 -0.9238795325112867
-0.5555702330196022 0 -0.8314696123025452
-0.7071067811865475 0 -0.7071067811865476
-0.8314696123025452 0 -0.5555702330196022
-0.9238795325112867 0 -0.38268343236508984
-0.9829630907249321 0 -0.18454773640914042
-1 0 -0.00000000000000012246467991473532
-1 0 0 